1000
14 34
7 30
43 50
38 42
2 26
11 27
27 29
10 26
27 32
3 35
1 1
2 8
35 43
18 23
11 18
18 24
2 13
11 21
3 4
1 26
6 6
7 12
35 42
46 48
18 46
3 8
28 45
1 1
1 22
2 9
4 19
6 35
2 6
13 30
29 31
11 14
21 23
14 50
5 6
3 21
16 22
42 50
16 37
4 38
4 16
15 18
19 24
33 43
10 32
6 15
5 8
1 14
7 44
6 14
1 18
11 18
10 22
2 2
13 14
13 14
27 31
20 30
1 6
5 8
9 11
32 37
13 21
30 45
1 13
3 14
13 27
35 49
33 42
7 45
19 27
8 34
6 20
6 15
6 43
1 3
33 47
26 33
31 36
27 45
1 3
2 2
8 18
8 9
8 11
16 39
16 50
6 11
14 40
19 35
15 36
13 33
18 43
7 12
3 41
10 27
12 16
31 32
34 42
19 23
1 1
22 24
11 16
5 26
30 32
3 46
2 22
5 8
4 7
11 19
21 48
15 16
13 21
1 1
9 18
15 17
29 29
11 29
14 15
29 36
44 45
4 8
16 19
31 33
10 42
4 4
17 17
38 50
1 2
2 10
1 32
17 21
3 10
1 5
1 8
17 21
1 6
6 8
5 24
3 38
9 20
4 4
8 18
12 36
22 34
12 39
17 18
5 20
5 32
2 2
8 44
5 7
1 4
5 28
3 4
32 32
7 20
22 33
13 46
25 40
1 5
12 34
3 5
28 41
7 34
1 47
8 19
3 4
19 21
5 19
20 49
24 28
1 2
4 5
6 10
2 4
5 36
2 35
44 49
1 10
3 20
13 50
25 35
14 15
14 27
4 10
3 3
10 38
20 32
2 41
4 10
7 28
5 47
17 35
5 14
11 47
27 44
6 10
11 15
5 18
36 42
8 10
3 38
4 47
1 1
6 28
3 14
16 25
22 38
2 21
2 5
11 14
21 21
24 25
18 45
2 35
23 32
18 31
33 42
1 4
41 43
4 13
9 15
23 27
27 36
33 46
2 2
22 33
27 29
34 49
28 33
8 33
1 1
2 29
5 45
10 35
2 2
4 34
5 32
31 38
39 42
5 10
8 9
9 28
12 38
10 27
2 25
17 29
1 7
27 45
15 32
2 2
8 12
2 16
41 45
6 17
20 40
5 6
1 2
10 15
1 1
18 22
8 23
14 30
11 14
10 11
1 14
27 27
2 3
4 36
4 28
7 11
1 2
7 12
9 12
39 47
1 1
23 24
36 50
31 31
6 30
37 39
17 22
10 33
28 45
2 15
8 31
3 3
22 26
18 33
37 50
9 14
15 29
5 17
14 16
6 37
4 11
10 23
24 24
1 5
7 11
21 23
4 19
27 28
16 24
5 26
23 40
14 16
7 13
13 27
7 45
19 25
1 5
23 29
1 3
11 12
9 14
3 31
5 17
30 44
40 43
28 28
3 21
18 21
27 43
2 17
22 39
37 45
20 32
18 33
24 42
29 40
10 10
4 33
29 34
23 42
39 44
4 8
19 20
1 2
38 50
1 2
7 7
7 49
36 43
8 9
12 12
22 25
6 49
41 49
34 39
7 50
39 45
2 2
1 26
5 20
1 7
8 13
14 46
11 15
13 37
6 12
3 49
3 24
5 16
19 46
19 43
7 8
2 35
5 29
12 44
15 48
2 22
3 45
5 38
11 38
21 31
7 43
22 34
1 35
32 37
3 19
22 44
5 9
16 17
1 4
1 11
15 17
18 26
1 1
24 24
4 12
5 9
6 7
14 14
5 12
9 22
4 37
5 7
22 46
7 11
4 25
6 23
23 45
11 42
13 17
11 44
25 48
5 7
21 26
14 17
7 23
24 47
8 14
15 24
32 43
7 16
2 3
36 44
4 8
8 14
9 15
7 7
19 26
9 17
15 19
7 9
8 33
6 8
5 8
15 22
13 18
5 50
6 10
7 39
21 27
17 42
6 21
1 3
6 30
2 42
10 38
5 47
2 6
2 3
20 28
37 45
8 47
18 25
2 7
3 37
3 7
3 12
18 18
7 8
9 34
25 48
32 44
8 27
21 41
13 18
2 5
6 20
12 26
20 20
4 16
10 34
26 39
36 40
15 29
4 39
1 20
27 44
7 12
21 24
3 22
5 8
8 49
7 8
16 35
34 47
18 35
9 36
4 6
4 14
4 21
14 42
1 12
1 4
28 47
2 10
15 42
32 38
30 41
9 23
12 20
24 41
2 32
13 21
17 45
5 7
3 7
18 21
1 33
6 48
7 8
16 23
14 20
21 30
2 5
23 38
15 20
43 45
19 21
6 34
14 23
10 45
5 15
7 15
34 40
33 48
32 40
7 35
16 16
2 2
11 22
8 12
14 28
12 19
3 10
1 6
2 42
21 24
37 39
38 39
44 44
9 44
6 11
14 19
23 44
16 19
5 17
23 40
18 18
6 6
10 17
15 15
9 10
28 32
6 21
29 35
31 36
22 32
7 7
19 43
19 30
7 14
9 39
12 40
9 42
13 38
1 2
22 23
4 50
40 41
10 18
4 14
29 35
1 1
3 36
31 50
9 16
3 10
4 5
29 50
2 15
5 6
18 43
2 17
2 35
1 5
10 38
8 14
7 24
34 44
10 29
2 8
4 34
6 8
8 33
25 36
25 39
17 27
14 16
5 22
20 26
2 6
8 18
11 26
8 15
17 28
12 12
29 30
5 5
23 23
8 12
30 45
30 44
14 22
24 26
1 12
9 24
6 14
1 20
41 49
5 7
40 49
1 17
11 42
4 35
25 34
1 1
9 11
12 27
9 20
7 12
3 4
27 28
21 47
5 21
17 25
22 23
5 5
4 4
39 48
9 46
20 21
6 13
3 32
26 31
2 2
1 1
1 2
19 22
15 27
4 44
1 16
17 45
6 6
24 50
19 48
18 40
14 18
1 5
11 12
20 32
13 44
39 48
4 13
4 11
12 12
6 17
1 17
3 7
24 35
4 6
2 3
3 9
26 50
27 38
22 43
1 43
6 14
3 3
19 20
7 13
6 13
22 24
27 36
7 7
1 34
3 5
7 13
1 6
13 23
26 27
13 35
4 46
1 2
39 44
31 49
11 14
13 15
16 30
4 7
2 2
18 18
7 12
48 50
13 31
2 5
4 4
15 34
23 26
4 49
22 46
14 17
1 2
1 1
26 29
11 42
1 6
22 42
3 3
2 21
5 28
1 1
25 48
5 10
23 24
18 43
4 12
5 6
33 50
8 12
22 44
3 22
5 38
7 32
17 42
10 35
12 27
1 1
1 16
4 4
6 13
29 31
14 39
7 41
21 26
8 23
27 36
1 2
10 16
1 38
7 17
2 28
10 21
1 18
39 45
2 4
4 6
8 27
2 28
29 45
16 18
1 27
9 14
12 23
7 16
11 19
19 24
6 6
5 5
1 19
18 18
2 2
14 26
11 17
36 44
17 37
3 8
1 2
15 43
8 11
7 8
10 20
29 46
20 31
19 24
5 13
21 46
1 44
3 10
14 15
28 33
3 3
1 9
13 24
2 4
26 47
2 32
8 12
6 43
14 38
14 15
8 30
13 14
8 11
6 14
25 33
7 11
35 38
9 15
2 40
6 14
2 3
18 24
5 22
9 22
1 22
1 5
27 46
1 8
25 36
26 45
16 20
7 33
15 47
8 13
6 8
49 49
1 2
3 7
5 16
8 17
17 25
8 8
35 48
9 11
1 1
16 43
21 44
26 38
2 8
10 14
30 36
2 11
2 2
13 32
5 30
21 36
3 4
2 15
20 22
14 16
28 29
12 44
2 13
8 10
1 4
13 47
8 20
3 29
5 33
24 27
17 26
25 31
20 42
38 39
1 1
13 38
5 17
1 1
2 3
7 38
11 13
5 14
2 37
16 37
24 48
5 20
1 13
1 1
21 28
9 10
5 5
36 36
14 14
21 35
4 6
4 21
5 9
1 25
4 4
45 47
45 48
23 26
21 27
9 29
22 37
22 50
1 2
5 19
41 46
20 21
11 14
4 4
40 45
11 17
10 46
38 39
6 6
14 21
33 43
6 50
6 34
14 19
19 33
2 31
13 34
1 1
36 39
8 42
9 23
10 27
16 46
3 35
2 5
13 39
18 21
28 47
8 8
14 34
19 30
20 28
29 33
19 28
35 44
6 11
3 6
33 45
1 2
15 36
1 1
13 15
42 43
3 17
42 43
28 50
33 45
3 8
10 41
19 22
20 44
12 16
14 21
3 4
9 14
36 37
4 14
6 14
1 1
11 28
28 32
14 31
7 14
2 2
3 10
36 37
20 27
35 42
5 50
23 26
11 11
29 30
26 38
2 17
7 18
3 16
26 41
13 21
27 29
35 37
5 8
48 49
31 38
25 29
27 36
2 4
19 19
5 5
5 23
2 3
23 37
12 41
14 14
5 6
26 32
19 28
3 5
13 27
8 17
7 8
8 11
17 21
