69700956660
9201780869977
342000458704
10081138989530
8468422314471
12865089990
4378248458135
1160254782788
574037589736
41411084543
908747388186
4352680012388
577489245726
977699187719
621273051549
8714514606015
44980730156
871590368739
10635240769
1959644318156
3605775048893
1156424931295
8391350955744
1517466703025
637694443291
817861248435
5194953118562
3609269892297
2543291051922
1140780885902
462615575377
814289973924
8461409199008
4652962535219
2832493564974
7933425182721
600179309510
830807144337
1474620111983
298019346337
1521677545375
2756882508781
3988049817528
365779451630
9977285635759
5715717491364
93368239757
2587734109360
3941253457222
2214686230968
